name: resync_test_env
channels:
  - conda-forge
  - defaults
dependencies:
  - asttokens=2.4.1=pyhd8ed1ab_0
  - bzip2=1.0.8=h2466b09_7
  - ca-certificates=2024.8.30=h56e8100_0
  - colorama=0.4.6=pyhd8ed1ab_0
  - comm=0.2.2=pyhd8ed1ab_0
  - debugpy=1.8.7=py310h9e98ed7_0
  - decorator=5.1.1=pyhd8ed1ab_0
  - exceptiongroup=1.2.2=pyhd8ed1ab_0
  - executing=2.1.0=pyhd8ed1ab_0
  - importlib-metadata=8.5.0=pyha770c72_0
  - intel-openmp=2024.2.1=h57928b3_1083
  - ipykernel=6.29.5=pyh4bbf305_0
  - ipython=8.28.0=pyh7428d3b_0
  - jedi=0.19.1=pyhd8ed1ab_0
  - jupyter_client=8.6.3=pyhd8ed1ab_0
  - jupyter_core=5.7.2=py310h5588dad_0
  - krb5=1.21.3=hdf4eb48_0
  - libblas=3.9.0=24_win64_mkl
  - libcblas=3.9.0=24_win64_mkl
  - libffi=3.4.2=h8ffe710_5
  - libhwloc=2.11.1=default_h8125262_1000
  - libiconv=1.17=hcfcfb64_2
  - liblapack=3.9.0=24_win64_mkl
  - libsodium=1.0.20=hc70643c_0
  - libsqlite=3.46.1=h2466b09_0
  - libxml2=2.12.7=h0f24e4e_4
  - libzlib=1.3.1=h2466b09_2
  - matplotlib-inline=0.1.7=pyhd8ed1ab_0
  - mkl=2024.1.0=h66d3029_694
  - nest-asyncio=1.6.0=pyhd8ed1ab_0
  - numpy=2.1.2=py310hb9d903e_0
  - openssl=3.3.2=h2466b09_0
  - packaging=24.1=pyhd8ed1ab_0
  - pandas=2.2.3=py310hb4db72f_1
  - parso=0.8.4=pyhd8ed1ab_0
  - pickleshare=0.7.5=py_1003
  - pip=24.2=pyh8b19718_1
  - platformdirs=4.3.6=pyhd8ed1ab_0
  - prompt-toolkit=3.0.48=pyha770c72_0
  - psutil=6.0.0=py310ha8f682b_2
  - pthreads-win32=2.9.1=h2466b09_4
  - pure_eval=0.2.3=pyhd8ed1ab_0
  - pygments=2.18.0=pyhd8ed1ab_0
  - python=3.10.9=h4de0772_0_cpython
  - python-tzdata=2024.2=pyhd8ed1ab_0
  - python_abi=3.10=5_cp310
  - pytz=2024.1=pyhd8ed1ab_0
  - pywin32=307=py310h9e98ed7_3
  - pyzmq=26.2.0=py310h656833d_3
  - setuptools=75.1.0=pyhd8ed1ab_0
  - six=1.16.0=pyh6c4a22f_0
  - stack_data=0.6.2=pyhd8ed1ab_0
  - tbb=2021.13.0=hc790b64_0
  - tk=8.6.13=h5226925_1
  - tornado=6.4.1=py310ha8f682b_1
  - traitlets=5.14.3=pyhd8ed1ab_0
  - typing_extensions=4.12.2=pyha770c72_0
  - tzdata=2024b=hc8b5060_0
  - ucrt=10.0.22621.0=h57928b3_1
  - vc=14.3=ha32ba9b_22
  - vc14_runtime=14.40.33810=hcc2c482_22
  - vs2015_runtime=14.40.33810=h3bf8584_22
  - wcwidth=0.2.13=pyhd8ed1ab_0
  - wheel=0.44.0=pyhd8ed1ab_0
  - xz=5.2.6=h8d14728_0
  - zeromq=4.3.5=ha9f60a1_6
  - zipp=3.20.2=pyhd8ed1ab_0
  - pip:
      - altgraph==0.17.4
      - certifi==2024.8.30
      - charset-normalizer==3.4.0
      - contourpy==1.3.0
      - cycler==0.12.1
      - fonttools==4.54.1
      - h5py==3.12.1
      - idna==3.10
      - jinja2==3.1.4
      - kiwisolver==1.4.7
      - lazy-loader==0.4
      - markupsafe==3.0.2
      - matplotlib==3.9.2
      - mne==1.8.0
      - pefile==2023.2.7
      - pillow==11.0.0
      - pooch==1.8.2
      - pyinstaller==6.11.0
      - pyinstaller-hooks-contrib==2024.9
      - pymatreader==1.0.0
      - pyparsing==3.2.0
      - pyqt5==5.15.11
      - pyqt5-qt5==5.15.2
      - pyqt5-sip==12.15.0
      - python-dateutil==2.9.0.post0
      - pywin32-ctypes==0.2.3
      - pyxdf==1.16.8
      - requests==2.32.3
      - scipy==1.14.1
      - tqdm==4.66.5
      - urllib3==2.2.3
      - xmltodict==0.14.2
prefix: C:\Users\Juliette\anaconda3\envs\resync_test_env
